(kicad_pcb (version 20171130) (host pcbnew "(5.1.5)-1")

  (general
    (thickness 1.6)
    (drawings 10)
    (tracks 708)
    (zones 0)
    (modules 32)
    (nets 57)
  )

  (page A4)
  (layers
    (0 F.Cu signal)
    (31 B.Cu signal)
    (32 B.Adhes user)
    (33 F.Adhes user)
    (34 B.Paste user)
    (35 F.Paste user)
    (36 B.SilkS user)
    (37 F.SilkS user)
    (38 B.Mask user)
    (39 F.Mask user)
    (40 Dwgs.User user)
    (41 Cmts.User user)
    (42 Eco1.User user)
    (43 Eco2.User user)
    (44 Edge.Cuts user)
    (45 Margin user)
    (46 B.CrtYd user)
    (47 F.CrtYd user)
    (48 B.Fab user)
    (49 F.Fab user)
  )

  (setup
    (last_trace_width 0.15)
    (user_trace_width 0.25)
    (user_trace_width 0.3)
    (user_trace_width 0.5)
    (user_trace_width 0.6)
    (user_trace_width 0.75)
    (user_trace_width 1)
    (user_trace_width 2)
    (trace_clearance 0.15)
    (zone_clearance 0.3)
    (zone_45_only no)
    (trace_min 0.15)
    (via_size 0.8)
    (via_drill 0.4)
    (via_min_size 0.4)
    (via_min_drill 0.3)
    (uvia_size 0.3)
    (uvia_drill 0.1)
    (uvias_allowed no)
    (uvia_min_size 0.2)
    (uvia_min_drill 0.1)
    (edge_width 0.05)
    (segment_width 0.2)
    (pcb_text_width 0.3)
    (pcb_text_size 1.5 1.5)
    (mod_edge_width 0.12)
    (mod_text_size 1 1)
    (mod_text_width 0.15)
    (pad_size 1.524 1.524)
    (pad_drill 0.762)
    (pad_to_mask_clearance 0.051)
    (solder_mask_min_width 0.25)
    (aux_axis_origin 0 0)
    (visible_elements 7EFFFFFF)
    (pcbplotparams
      (layerselection 0x010fc_ffffffff)
      (usegerberextensions false)
      (usegerberattributes false)
      (usegerberadvancedattributes false)
      (creategerberjobfile false)
      (excludeedgelayer true)
      (linewidth 0.100000)
      (plotframeref false)
      (viasonmask false)
      (mode 1)
      (useauxorigin false)
      (hpglpennumber 1)
      (hpglpenspeed 20)
      (hpglpendiameter 15.000000)
      (psnegative false)
      (psa4output false)
      (plotreference true)
      (plotvalue true)
      (plotinvisibletext false)
      (padsonsilk false)
      (subtractmaskfromsilk false)
      (outputformat 1)
      (mirror false)
      (drillshape 1)
      (scaleselection 1)
      (outputdirectory ""))
  )

  (net 0 "")
  (net 1 GND)
  (net 2 +5V)
  (net 3 NRST)
  (net 4 RST_SW2)
  (net 5 "Net-(C4-Pad1)")
  (net 6 BOOT0)
  (net 7 VBUS)
  (net 8 RST_SW1)
  (net 9 Dbus-)
  (net 10 Dbus+)
  (net 11 "Net-(J3-PadB5)")
  (net 12 "Net-(J3-PadA5)")
  (net 13 LED_PWM)
  (net 14 "Net-(Q2-Pad4)")
  (net 15 LED_switch)
  (net 16 SWDIO)
  (net 17 SWCLK)
  (net 18 Row1)
  (net 19 Row2)
  (net 20 Row7)
  (net 21 Row6)
  (net 22 Row5)
  (net 23 Col4)
  (net 24 Col3)
  (net 25 Col2)
  (net 26 Col6)
  (net 27 Col7)
  (net 28 Col8)
  (net 29 Col9)
  (net 30 Col10)
  (net 31 Col11)
  (net 32 Col12)
  (net 33 Col13)
  (net 34 Col14)
  (net 35 Col15)
  (net 36 Col16)
  (net 37 Col17)
  (net 38 Col18)
  (net 39 Col19)
  (net 40 Col20)
  (net 41 Col21)
  (net 42 Col22)
  (net 43 NUM_INDICATOR)
  (net 44 CAP_INDICATOR)
  (net 45 SCRL_INDICATOR)
  (net 46 D-)
  (net 47 D+)
  (net 48 Row4)
  (net 49 Row3)
  (net 50 Col5)
  (net 51 Col1)
  (net 52 "Net-(J1-Pad6)")
  (net 53 "Net-(J1-Pad7)")
  (net 54 "Net-(J1-Pad8)")
  (net 55 "Net-(J3-PadA8)")
  (net 56 "Net-(J3-PadB8)")

  (net_class Default "This is the default net class."
    (clearance 0.15)
    (trace_width 0.15)
    (via_dia 0.8)
    (via_drill 0.4)
    (uvia_dia 0.3)
    (uvia_drill 0.1)
    (diff_pair_width 0.3)
    (diff_pair_gap 0.25)
    (add_net +5V)
    (add_net BOOT0)
    (add_net CAP_INDICATOR)
    (add_net Col1)
    (add_net Col10)
    (add_net Col11)
    (add_net Col12)
    (add_net Col13)
    (add_net Col14)
    (add_net Col15)
    (add_net Col16)
    (add_net Col17)
    (add_net Col18)
    (add_net Col19)
    (add_net Col2)
    (add_net Col20)
    (add_net Col21)
    (add_net Col22)
    (add_net Col3)
    (add_net Col4)
    (add_net Col5)
    (add_net Col6)
    (add_net Col7)
    (add_net Col8)
    (add_net Col9)
    (add_net D+)
    (add_net D-)
    (add_net Dbus+)
    (add_net Dbus-)
    (add_net GND)
    (add_net LED_PWM)
    (add_net LED_switch)
    (add_net NRST)
    (add_net NUM_INDICATOR)
    (add_net "Net-(C4-Pad1)")
    (add_net "Net-(J1-Pad6)")
    (add_net "Net-(J1-Pad7)")
    (add_net "Net-(J1-Pad8)")
    (add_net "Net-(J3-PadA5)")
    (add_net "Net-(J3-PadA8)")
    (add_net "Net-(J3-PadB5)")
    (add_net "Net-(J3-PadB8)")
    (add_net "Net-(Q2-Pad4)")
    (add_net RST_SW1)
    (add_net RST_SW2)
    (add_net Row1)
    (add_net Row2)
    (add_net Row3)
    (add_net Row4)
    (add_net Row5)
    (add_net Row6)
    (add_net Row7)
    (add_net SCRL_INDICATOR)
    (add_net SWCLK)
    (add_net SWDIO)
    (add_net VBUS)
  )

  (module Capacitor_SMD:C_0805_2012Metric_Pad1.15x1.40mm_HandSolder (layer F.Cu) (tedit 5B36C52B) (tstamp 5DE1252F)
    (at -30.79 -7.34 90)
    (descr "Capacitor SMD 0805 (2012 Metric), square (rectangular) end terminal, IPC_7351 nominal with elongated pad for handsoldering. (Body size source: https://docs.google.com/spreadsheets/d/1BsfQQcO9C6DZCsRaXUlFlo91Tg2WpOkGARC1WS5S8t0/edit?usp=sharing), generated with kicad-footprint-generator")
    (tags "capacitor handsolder")
    (path /5DDC803D)
    (attr smd)
    (fp_text reference C7 (at 0.035 -3.035 270) (layer F.SilkS)
      (effects (font (size 1 1) (thickness 0.15)))
    )
    (fp_text value 100n (at -0.09 -1.685 270) (layer F.SilkS)
      (effects (font (size 1 1) (thickness 0.15)))
    )
    (fp_text user %R (at 0 0 270) (layer F.Fab)
      (effects (font (size 0.5 0.5) (thickness 0.08)))
    )
    (fp_line (start 1.85 0.95) (end -1.85 0.95) (layer F.CrtYd) (width 0.05))
    (fp_line (start 1.85 -0.95) (end 1.85 0.95) (layer F.CrtYd) (width 0.05))
    (fp_line (start -1.85 -0.95) (end 1.85 -0.95) (layer F.CrtYd) (width 0.05))
    (fp_line (start -1.85 0.95) (end -1.85 -0.95) (layer F.CrtYd) (width 0.05))
    (fp_line (start -0.261252 0.71) (end 0.261252 0.71) (layer F.SilkS) (width 0.12))
    (fp_line (start -0.261252 -0.71) (end 0.261252 -0.71) (layer F.SilkS) (width 0.12))
    (fp_line (start 1 0.6) (end -1 0.6) (layer F.Fab) (width 0.1))
    (fp_line (start 1 -0.6) (end 1 0.6) (layer F.Fab) (width 0.1))
    (fp_line (start -1 -0.6) (end 1 -0.6) (layer F.Fab) (width 0.1))
    (fp_line (start -1 0.6) (end -1 -0.6) (layer F.Fab) (width 0.1))
    (pad 2 smd roundrect (at 1.025 0 90) (size 1.15 1.4) (layers F.Cu F.Paste F.Mask) (roundrect_rratio 0.217391)
      (net 1 GND))
    (pad 1 smd roundrect (at -1.025 0 90) (size 1.15 1.4) (layers F.Cu F.Paste F.Mask) (roundrect_rratio 0.217391)
      (net 4 RST_SW2))
    (model ${KISYS3DMOD}/Capacitor_SMD.3dshapes/C_0805_2012Metric.wrl
      (at (xyz 0 0 0))
      (scale (xyz 1 1 1))
      (rotate (xyz 0 0 0))
    )
  )

  (module acheronConnectors:TYPE-C-31-M-12 (layer F.Cu) (tedit 5DF7FEB0) (tstamp 5DDFC639)
    (at 24.74 -10.47 180)
    (path /5DD1170A)
    (fp_text reference J3 (at 6.84 4.905 90) (layer F.SilkS)
      (effects (font (size 1 1) (thickness 0.15)))
    )
    (fp_text value TYPE-C-31-M12_13 (at 5.74 3.23 90) (layer F.SilkS)
      (effects (font (size 0.5 0.5) (thickness 0.125)))
    )
    (fp_line (start 3.7 6.8) (end 5 5.5) (layer F.Fab) (width 0.05))
    (fp_line (start 2.7 6.8) (end 5 4.5) (layer F.Fab) (width 0.05))
    (fp_line (start 1.7 6.8) (end 5 3.5) (layer F.Fab) (width 0.05))
    (fp_line (start 0.7 6.8) (end 5 2.5) (layer F.Fab) (width 0.05))
    (fp_line (start -0.3 6.8) (end 2.1 4.5) (layer F.Fab) (width 0.05))
    (fp_line (start 3.1 3.4) (end 5 1.5) (layer F.Fab) (width 0.05))
    (fp_line (start 2.1 3.4) (end 4.1 1.4) (layer F.Fab) (width 0.05))
    (fp_line (start -1.3 6.8) (end 1.1 4.5) (layer F.Fab) (width 0.05))
    (fp_line (start -2.3 6.8) (end 0.1 4.5) (layer F.Fab) (width 0.05))
    (fp_line (start 1.1 3.4) (end 3.1 1.4) (layer F.Fab) (width 0.05))
    (fp_line (start 0.1 3.4) (end 2.1 1.4) (layer F.Fab) (width 0.05))
    (fp_line (start -3.3 6.8) (end -0.9 4.5) (layer F.Fab) (width 0.05))
    (fp_line (start -5 6.5) (end -2.9 4.5) (layer F.Fab) (width 0.05))
    (fp_line (start -1.9 3.4) (end 0.1 1.4) (layer F.Fab) (width 0.05))
    (fp_line (start -0.9 3.4) (end 1.1 1.4) (layer F.Fab) (width 0.05))
    (fp_line (start -5 2.5) (end -3.9 1.4) (layer F.Fab) (width 0.05))
    (fp_line (start -5 3.5) (end -2.9 1.4) (layer F.Fab) (width 0.05))
    (fp_line (start -4.3 6.8) (end -1.9 4.5) (layer F.Fab) (width 0.05))
    (fp_line (start -5 4.5) (end -1.9 1.4) (layer F.Fab) (width 0.05))
    (fp_line (start -5 5.5) (end -0.9 1.4) (layer F.Fab) (width 0.05))
    (fp_line (start 5 1.4) (end -5 1.4) (layer F.Fab) (width 0.12))
    (fp_line (start 5 6.8) (end 5 1.4) (layer F.Fab) (width 0.12))
    (fp_line (start -5 6.8) (end 5 6.8) (layer F.Fab) (width 0.12))
    (fp_line (start -5 1.4) (end -5 6.8) (layer F.Fab) (width 0.12))
    (fp_text user "KEEPOUT ZONE" (at 0 4) (layer F.Fab)
      (effects (font (size 0.5 0.5) (thickness 0.125)))
    )
    (fp_line (start 4.8 8.42) (end -4.8 8.42) (layer Cmts.User) (width 0.15))
    (pad S thru_hole oval (at 4.3 1.5 180) (size 1.1 2.2) (drill oval 0.6 1.7) (layers *.Cu *.Mask)
      (net 5 "Net-(C4-Pad1)"))
    (pad S thru_hole oval (at 4.3 5.7 180) (size 1.3 1.9) (drill oval 0.6 1.2) (layers *.Cu *.Mask)
      (net 5 "Net-(C4-Pad1)"))
    (pad "" np_thru_hole circle (at 2.89 2.051 180) (size 0.65 0.65) (drill 0.65) (layers *.Cu *.Mask))
    (pad "" np_thru_hole circle (at -2.89 2.051 180) (size 0.65 0.65) (drill 0.65) (layers *.Cu *.Mask))
    (pad S thru_hole oval (at -4.3 5.7 180) (size 1.3 1.9) (drill oval 0.6 1.2) (layers *.Cu *.Mask)
      (net 5 "Net-(C4-Pad1)"))
    (pad A1 smd roundrect (at -3.25 1.275 180) (size 0.6 1.45) (drill (offset 0 -0.55)) (layers F.Cu F.Paste F.Mask) (roundrect_rratio 0.25)
      (net 1 GND))
    (pad B8 smd roundrect (at -1.75 1.275 180) (size 0.3 1.45) (drill (offset 0 -0.55)) (layers F.Cu F.Paste F.Mask) (roundrect_rratio 0.25)
      (net 56 "Net-(J3-PadB8)"))
    (pad A5 smd roundrect (at -1.25 1.275 180) (size 0.3 1.45) (drill (offset 0 -0.55)) (layers F.Cu F.Paste F.Mask) (roundrect_rratio 0.25)
      (net 12 "Net-(J3-PadA5)"))
    (pad B7 smd roundrect (at -0.75 1.275 180) (size 0.3 1.45) (drill (offset 0 -0.55)) (layers F.Cu F.Paste F.Mask) (roundrect_rratio 0.25)
      (net 9 Dbus-))
    (pad A6 smd roundrect (at -0.254 1.275 180) (size 0.3 1.45) (drill (offset 0 -0.55)) (layers F.Cu F.Paste F.Mask) (roundrect_rratio 0.25)
      (net 10 Dbus+))
    (pad B5 smd roundrect (at 1.75 1.275 180) (size 0.3 1.45) (drill (offset 0 -0.55)) (layers F.Cu F.Paste F.Mask) (roundrect_rratio 0.25)
      (net 11 "Net-(J3-PadB5)"))
    (pad A8 smd roundrect (at 1.25 1.275 180) (size 0.3 1.45) (drill (offset 0 -0.55)) (layers F.Cu F.Paste F.Mask) (roundrect_rratio 0.25)
      (net 55 "Net-(J3-PadA8)"))
    (pad B6 smd roundrect (at 0.75 1.275 180) (size 0.3 1.45) (drill (offset 0 -0.55)) (layers F.Cu F.Paste F.Mask) (roundrect_rratio 0.25)
      (net 10 Dbus+))
    (pad A7 smd roundrect (at 0.25 1.275 180) (size 0.3 1.45) (drill (offset 0 -0.55)) (layers F.Cu F.Paste F.Mask) (roundrect_rratio 0.25)
      (net 9 Dbus-))
    (pad S thru_hole oval (at -4.3 1.5 180) (size 1.1 2.2) (drill oval 0.6 1.7) (layers *.Cu *.Mask)
      (net 5 "Net-(C4-Pad1)"))
    (pad A4 smd roundrect (at -2.45 1.275 180) (size 0.6 1.45) (drill (offset 0 -0.55)) (layers F.Cu F.Paste F.Mask) (roundrect_rratio 0.25)
      (net 7 VBUS))
    (pad B1 smd roundrect (at 3.25 1.275 180) (size 0.6 1.45) (drill (offset 0 -0.55)) (layers F.Cu F.Paste F.Mask) (roundrect_rratio 0.25)
      (net 1 GND))
    (pad B4 smd roundrect (at 2.45 1.275 180) (size 0.6 1.45) (drill (offset 0 -0.55)) (layers F.Cu F.Paste F.Mask) (roundrect_rratio 0.25)
      (net 7 VBUS))
    (model ":Acheron 3D models:TYPE-C-31-M-12.step"
      (offset (xyz -4.46 -8.25 0))
      (scale (xyz 1 1 1))
      (rotate (xyz -90 0 0))
    )
  )

  (module Capacitor_SMD:C_0805_2012Metric_Pad1.15x1.40mm_HandSolder (layer F.Cu) (tedit 5B36C52B) (tstamp 5DE11902)
    (at 24.61 1.87 270)
    (descr "Capacitor SMD 0805 (2012 Metric), square (rectangular) end terminal, IPC_7351 nominal with elongated pad for handsoldering. (Body size source: https://docs.google.com/spreadsheets/d/1BsfQQcO9C6DZCsRaXUlFlo91Tg2WpOkGARC1WS5S8t0/edit?usp=sharing), generated with kicad-footprint-generator")
    (tags "capacitor handsolder")
    (path /5DD2CF16)
    (attr smd)
    (fp_text reference C1 (at 0 -1.65 90) (layer F.SilkS)
      (effects (font (size 1 1) (thickness 0.15)))
    )
    (fp_text value 10u (at 0.58 -2.865 90) (layer F.SilkS)
      (effects (font (size 1 1) (thickness 0.15)))
    )
    (fp_text user %R (at 0 0 90) (layer F.Fab)
      (effects (font (size 0.5 0.5) (thickness 0.08)))
    )
    (fp_line (start 1.85 0.95) (end -1.85 0.95) (layer F.CrtYd) (width 0.05))
    (fp_line (start 1.85 -0.95) (end 1.85 0.95) (layer F.CrtYd) (width 0.05))
    (fp_line (start -1.85 -0.95) (end 1.85 -0.95) (layer F.CrtYd) (width 0.05))
    (fp_line (start -1.85 0.95) (end -1.85 -0.95) (layer F.CrtYd) (width 0.05))
    (fp_line (start -0.261252 0.71) (end 0.261252 0.71) (layer F.SilkS) (width 0.12))
    (fp_line (start -0.261252 -0.71) (end 0.261252 -0.71) (layer F.SilkS) (width 0.12))
    (fp_line (start 1 0.6) (end -1 0.6) (layer F.Fab) (width 0.1))
    (fp_line (start 1 -0.6) (end 1 0.6) (layer F.Fab) (width 0.1))
    (fp_line (start -1 -0.6) (end 1 -0.6) (layer F.Fab) (width 0.1))
    (fp_line (start -1 0.6) (end -1 -0.6) (layer F.Fab) (width 0.1))
    (pad 2 smd roundrect (at 1.025 0 270) (size 1.15 1.4) (layers F.Cu F.Paste F.Mask) (roundrect_rratio 0.217391)
      (net 1 GND))
    (pad 1 smd roundrect (at -1.025 0 270) (size 1.15 1.4) (layers F.Cu F.Paste F.Mask) (roundrect_rratio 0.217391)
      (net 2 +5V))
    (model ${KISYS3DMOD}/Capacitor_SMD.3dshapes/C_0805_2012Metric.wrl
      (at (xyz 0 0 0))
      (scale (xyz 1 1 1))
      (rotate (xyz 0 0 0))
    )
  )

  (module Capacitor_SMD:C_0805_2012Metric_Pad1.15x1.40mm_HandSolder (layer B.Cu) (tedit 5B36C52B) (tstamp 5DDFC4C5)
    (at -34.98 -12.75 225)
    (descr "Capacitor SMD 0805 (2012 Metric), square (rectangular) end terminal, IPC_7351 nominal with elongated pad for handsoldering. (Body size source: https://docs.google.com/spreadsheets/d/1BsfQQcO9C6DZCsRaXUlFlo91Tg2WpOkGARC1WS5S8t0/edit?usp=sharing), generated with kicad-footprint-generator")
    (tags "capacitor handsolder")
    (path /5DD4F0F7)
    (attr smd)
    (fp_text reference C2 (at 0 1.65 45) (layer B.SilkS)
      (effects (font (size 1 1) (thickness 0.15)) (justify mirror))
    )
    (fp_text value 4.7n (at 0 -1.65 45) (layer B.Fab)
      (effects (font (size 1 1) (thickness 0.15)) (justify mirror))
    )
    (fp_text user %R (at 0 0 45) (layer B.Fab)
      (effects (font (size 0.5 0.5) (thickness 0.08)) (justify mirror))
    )
    (fp_line (start 1.85 -0.95) (end -1.85 -0.95) (layer B.CrtYd) (width 0.05))
    (fp_line (start 1.85 0.95) (end 1.85 -0.95) (layer B.CrtYd) (width 0.05))
    (fp_line (start -1.85 0.95) (end 1.85 0.95) (layer B.CrtYd) (width 0.05))
    (fp_line (start -1.85 -0.95) (end -1.85 0.95) (layer B.CrtYd) (width 0.05))
    (fp_line (start -0.261252 -0.71) (end 0.261252 -0.71) (layer B.SilkS) (width 0.12))
    (fp_line (start -0.261252 0.71) (end 0.261252 0.71) (layer B.SilkS) (width 0.12))
    (fp_line (start 1 -0.6) (end -1 -0.6) (layer B.Fab) (width 0.1))
    (fp_line (start 1 0.6) (end 1 -0.6) (layer B.Fab) (width 0.1))
    (fp_line (start -1 0.6) (end 1 0.6) (layer B.Fab) (width 0.1))
    (fp_line (start -1 -0.6) (end -1 0.6) (layer B.Fab) (width 0.1))
    (pad 2 smd roundrect (at 1.025 0 225) (size 1.15 1.4) (layers B.Cu B.Paste B.Mask) (roundrect_rratio 0.217391)
      (net 1 GND))
    (pad 1 smd roundrect (at -1.025 0 225) (size 1.15 1.4) (layers B.Cu B.Paste B.Mask) (roundrect_rratio 0.217391)
      (net 3 NRST))
    (model ${KISYS3DMOD}/Capacitor_SMD.3dshapes/C_0805_2012Metric.wrl
      (at (xyz 0 0 0))
      (scale (xyz 1 1 1))
      (rotate (xyz 0 0 0))
    )
  )

  (module Capacitor_SMD:C_0805_2012Metric_Pad1.15x1.40mm_HandSolder (layer F.Cu) (tedit 5B36C52B) (tstamp 5DE124DA)
    (at 16.875 -2.83)
    (descr "Capacitor SMD 0805 (2012 Metric), square (rectangular) end terminal, IPC_7351 nominal with elongated pad for handsoldering. (Body size source: https://docs.google.com/spreadsheets/d/1BsfQQcO9C6DZCsRaXUlFlo91Tg2WpOkGARC1WS5S8t0/edit?usp=sharing), generated with kicad-footprint-generator")
    (tags "capacitor handsolder")
    (path /5DD32A15)
    (attr smd)
    (fp_text reference C3 (at -0.95 -3.245) (layer F.SilkS)
      (effects (font (size 1 1) (thickness 0.15)))
    )
    (fp_text value 100n (at -0.225 -1.77) (layer F.SilkS)
      (effects (font (size 1 1) (thickness 0.15)))
    )
    (fp_text user %R (at 0 0) (layer F.Fab)
      (effects (font (size 0.5 0.5) (thickness 0.08)))
    )
    (fp_line (start 1.85 0.95) (end -1.85 0.95) (layer F.CrtYd) (width 0.05))
    (fp_line (start 1.85 -0.95) (end 1.85 0.95) (layer F.CrtYd) (width 0.05))
    (fp_line (start -1.85 -0.95) (end 1.85 -0.95) (layer F.CrtYd) (width 0.05))
    (fp_line (start -1.85 0.95) (end -1.85 -0.95) (layer F.CrtYd) (width 0.05))
    (fp_line (start -0.261252 0.71) (end 0.261252 0.71) (layer F.SilkS) (width 0.12))
    (fp_line (start -0.261252 -0.71) (end 0.261252 -0.71) (layer F.SilkS) (width 0.12))
    (fp_line (start 1 0.6) (end -1 0.6) (layer F.Fab) (width 0.1))
    (fp_line (start 1 -0.6) (end 1 0.6) (layer F.Fab) (width 0.1))
    (fp_line (start -1 -0.6) (end 1 -0.6) (layer F.Fab) (width 0.1))
    (fp_line (start -1 0.6) (end -1 -0.6) (layer F.Fab) (width 0.1))
    (pad 2 smd roundrect (at 1.025 0) (size 1.15 1.4) (layers F.Cu F.Paste F.Mask) (roundrect_rratio 0.217391)
      (net 1 GND))
    (pad 1 smd roundrect (at -1.025 0) (size 1.15 1.4) (layers F.Cu F.Paste F.Mask) (roundrect_rratio 0.217391)
      (net 4 RST_SW2))
    (model ${KISYS3DMOD}/Capacitor_SMD.3dshapes/C_0805_2012Metric.wrl
      (at (xyz 0 0 0))
      (scale (xyz 1 1 1))
      (rotate (xyz 0 0 0))
    )
  )

  (module Capacitor_SMD:C_0805_2012Metric_Pad1.15x1.40mm_HandSolder (layer B.Cu) (tedit 5B36C52B) (tstamp 5DDFC4E7)
    (at 33.2 -12.8 270)
    (descr "Capacitor SMD 0805 (2012 Metric), square (rectangular) end terminal, IPC_7351 nominal with elongated pad for handsoldering. (Body size source: https://docs.google.com/spreadsheets/d/1BsfQQcO9C6DZCsRaXUlFlo91Tg2WpOkGARC1WS5S8t0/edit?usp=sharing), generated with kicad-footprint-generator")
    (tags "capacitor handsolder")
    (path /5DD16725)
    (attr smd)
    (fp_text reference C4 (at 0 1.65 90) (layer B.SilkS)
      (effects (font (size 1 1) (thickness 0.15)) (justify mirror))
    )
    (fp_text value 4.7n (at 0.03 -2.51 90) (layer B.SilkS)
      (effects (font (size 1 1) (thickness 0.15)) (justify mirror))
    )
    (fp_text user %R (at -0.04 -1.4 270) (layer B.SilkS)
      (effects (font (size 0.5 0.5) (thickness 0.08)) (justify mirror))
    )
    (fp_line (start 1.85 -0.95) (end -1.85 -0.95) (layer B.CrtYd) (width 0.05))
    (fp_line (start 1.85 0.95) (end 1.85 -0.95) (layer B.CrtYd) (width 0.05))
    (fp_line (start -1.85 0.95) (end 1.85 0.95) (layer B.CrtYd) (width 0.05))
    (fp_line (start -1.85 -0.95) (end -1.85 0.95) (layer B.CrtYd) (width 0.05))
    (fp_line (start -0.261252 -0.71) (end 0.261252 -0.71) (layer B.SilkS) (width 0.12))
    (fp_line (start -0.261252 0.71) (end 0.261252 0.71) (layer B.SilkS) (width 0.12))
    (fp_line (start 1 -0.6) (end -1 -0.6) (layer B.Fab) (width 0.1))
    (fp_line (start 1 0.6) (end 1 -0.6) (layer B.Fab) (width 0.1))
    (fp_line (start -1 0.6) (end 1 0.6) (layer B.Fab) (width 0.1))
    (fp_line (start -1 -0.6) (end -1 0.6) (layer B.Fab) (width 0.1))
    (pad 2 smd roundrect (at 1.025 0 270) (size 1.15 1.4) (layers B.Cu B.Paste B.Mask) (roundrect_rratio 0.217391)
      (net 1 GND))
    (pad 1 smd roundrect (at -1.025 0 270) (size 1.15 1.4) (layers B.Cu B.Paste B.Mask) (roundrect_rratio 0.217391)
      (net 5 "Net-(C4-Pad1)"))
    (model ${KISYS3DMOD}/Capacitor_SMD.3dshapes/C_0805_2012Metric.wrl
      (at (xyz 0 0 0))
      (scale (xyz 1 1 1))
      (rotate (xyz 0 0 0))
    )
  )

  (module Capacitor_SMD:C_0805_2012Metric_Pad1.15x1.40mm_HandSolder (layer F.Cu) (tedit 5B36C52B) (tstamp 5DE0C79F)
    (at -21.97 -12.5)
    (descr "Capacitor SMD 0805 (2012 Metric), square (rectangular) end terminal, IPC_7351 nominal with elongated pad for handsoldering. (Body size source: https://docs.google.com/spreadsheets/d/1BsfQQcO9C6DZCsRaXUlFlo91Tg2WpOkGARC1WS5S8t0/edit?usp=sharing), generated with kicad-footprint-generator")
    (tags "capacitor handsolder")
    (path /5DDC6D80)
    (attr smd)
    (fp_text reference C5 (at -2.88 -0.875) (layer F.SilkS)
      (effects (font (size 1 1) (thickness 0.15)))
    )
    (fp_text value 100n (at -3.73 0.4) (layer F.SilkS)
      (effects (font (size 1 1) (thickness 0.15)))
    )
    (fp_text user %R (at 0 0) (layer F.Fab)
      (effects (font (size 0.5 0.5) (thickness 0.08)))
    )
    (fp_line (start 1.85 0.95) (end -1.85 0.95) (layer F.CrtYd) (width 0.05))
    (fp_line (start 1.85 -0.95) (end 1.85 0.95) (layer F.CrtYd) (width 0.05))
    (fp_line (start -1.85 -0.95) (end 1.85 -0.95) (layer F.CrtYd) (width 0.05))
    (fp_line (start -1.85 0.95) (end -1.85 -0.95) (layer F.CrtYd) (width 0.05))
    (fp_line (start -0.261252 0.71) (end 0.261252 0.71) (layer F.SilkS) (width 0.12))
    (fp_line (start -0.261252 -0.71) (end 0.261252 -0.71) (layer F.SilkS) (width 0.12))
    (fp_line (start 1 0.6) (end -1 0.6) (layer F.Fab) (width 0.1))
    (fp_line (start 1 -0.6) (end 1 0.6) (layer F.Fab) (width 0.1))
    (fp_line (start -1 -0.6) (end 1 -0.6) (layer F.Fab) (width 0.1))
    (fp_line (start -1 0.6) (end -1 -0.6) (layer F.Fab) (width 0.1))
    (pad 2 smd roundrect (at 1.025 0) (size 1.15 1.4) (layers F.Cu F.Paste F.Mask) (roundrect_rratio 0.217391)
      (net 1 GND))
    (pad 1 smd roundrect (at -1.025 0) (size 1.15 1.4) (layers F.Cu F.Paste F.Mask) (roundrect_rratio 0.217391)
      (net 4 RST_SW2))
    (model ${KISYS3DMOD}/Capacitor_SMD.3dshapes/C_0805_2012Metric.wrl
      (at (xyz 0 0 0))
      (scale (xyz 1 1 1))
      (rotate (xyz 0 0 0))
    )
  )

  (module Capacitor_SMD:C_0805_2012Metric_Pad1.15x1.40mm_HandSolder (layer F.Cu) (tedit 5B36C52B) (tstamp 5DDFC52B)
    (at -26.68 0.92 135)
    (descr "Capacitor SMD 0805 (2012 Metric), square (rectangular) end terminal, IPC_7351 nominal with elongated pad for handsoldering. (Body size source: https://docs.google.com/spreadsheets/d/1BsfQQcO9C6DZCsRaXUlFlo91Tg2WpOkGARC1WS5S8t0/edit?usp=sharing), generated with kicad-footprint-generator")
    (tags "capacitor handsolder")
    (path /5DDC8337)
    (attr smd)
    (fp_text reference C8 (at 0 -1.65 135) (layer F.SilkS)
      (effects (font (size 1 1) (thickness 0.15)))
    )
    (fp_text value 100n (at 0 1.65 135) (layer F.Fab)
      (effects (font (size 1 1) (thickness 0.15)))
    )
    (fp_text user %R (at 0 0 135) (layer F.Fab)
      (effects (font (size 0.5 0.5) (thickness 0.08)))
    )
    (fp_line (start 1.85 0.95) (end -1.85 0.95) (layer F.CrtYd) (width 0.05))
    (fp_line (start 1.85 -0.95) (end 1.85 0.95) (layer F.CrtYd) (width 0.05))
    (fp_line (start -1.85 -0.95) (end 1.85 -0.95) (layer F.CrtYd) (width 0.05))
    (fp_line (start -1.85 0.95) (end -1.85 -0.95) (layer F.CrtYd) (width 0.05))
    (fp_line (start -0.261252 0.71) (end 0.261252 0.71) (layer F.SilkS) (width 0.12))
    (fp_line (start -0.261252 -0.71) (end 0.261252 -0.71) (layer F.SilkS) (width 0.12))
    (fp_line (start 1 0.6) (end -1 0.6) (layer F.Fab) (width 0.1))
    (fp_line (start 1 -0.6) (end 1 0.6) (layer F.Fab) (width 0.1))
    (fp_line (start -1 -0.6) (end 1 -0.6) (layer F.Fab) (width 0.1))
    (fp_line (start -1 0.6) (end -1 -0.6) (layer F.Fab) (width 0.1))
    (pad 2 smd roundrect (at 1.025 0 135) (size 1.15 1.4) (layers F.Cu F.Paste F.Mask) (roundrect_rratio 0.217391)
      (net 1 GND))
    (pad 1 smd roundrect (at -1.025 0 135) (size 1.15 1.4) (layers F.Cu F.Paste F.Mask) (roundrect_rratio 0.217391)
      (net 4 RST_SW2))
    (model ${KISYS3DMOD}/Capacitor_SMD.3dshapes/C_0805_2012Metric.wrl
      (at (xyz 0 0 0))
      (scale (xyz 1 1 1))
      (rotate (xyz 0 0 0))
    )
  )

  (module Capacitor_SMD:C_0805_2012Metric_Pad1.15x1.40mm_HandSolder (layer F.Cu) (tedit 5B36C52B) (tstamp 5DECA9E3)
    (at -15.61 -4.99 270)
    (descr "Capacitor SMD 0805 (2012 Metric), square (rectangular) end terminal, IPC_7351 nominal with elongated pad for handsoldering. (Body size source: https://docs.google.com/spreadsheets/d/1BsfQQcO9C6DZCsRaXUlFlo91Tg2WpOkGARC1WS5S8t0/edit?usp=sharing), generated with kicad-footprint-generator")
    (tags "capacitor handsolder")
    (path /5DDC86C5)
    (attr smd)
    (fp_text reference C9 (at 0 -1.65 90) (layer F.SilkS)
      (effects (font (size 1 1) (thickness 0.15)))
    )
    (fp_text value 100n (at 0 1.65 90) (layer F.Fab)
      (effects (font (size 1 1) (thickness 0.15)))
    )
    (fp_text user %R (at 0 0 90) (layer F.Fab)
      (effects (font (size 0.5 0.5) (thickness 0.08)))
    )
    (fp_line (start 1.85 0.95) (end -1.85 0.95) (layer F.CrtYd) (width 0.05))
    (fp_line (start 1.85 -0.95) (end 1.85 0.95) (layer F.CrtYd) (width 0.05))
    (fp_line (start -1.85 -0.95) (end 1.85 -0.95) (layer F.CrtYd) (width 0.05))
    (fp_line (start -1.85 0.95) (end -1.85 -0.95) (layer F.CrtYd) (width 0.05))
    (fp_line (start -0.261252 0.71) (end 0.261252 0.71) (layer F.SilkS) (width 0.12))
    (fp_line (start -0.261252 -0.71) (end 0.261252 -0.71) (layer F.SilkS) (width 0.12))
    (fp_line (start 1 0.6) (end -1 0.6) (layer F.Fab) (width 0.1))
    (fp_line (start 1 -0.6) (end 1 0.6) (layer F.Fab) (width 0.1))
    (fp_line (start -1 -0.6) (end 1 -0.6) (layer F.Fab) (width 0.1))
    (fp_line (start -1 0.6) (end -1 -0.6) (layer F.Fab) (width 0.1))
    (pad 2 smd roundrect (at 1.025 0 270) (size 1.15 1.4) (layers F.Cu F.Paste F.Mask) (roundrect_rratio 0.217391)
      (net 1 GND))
    (pad 1 smd roundrect (at -1.025 0 270) (size 1.15 1.4) (layers F.Cu F.Paste F.Mask) (roundrect_rratio 0.217391)
      (net 4 RST_SW2))
    (model ${KISYS3DMOD}/Capacitor_SMD.3dshapes/C_0805_2012Metric.wrl
      (at (xyz 0 0 0))
      (scale (xyz 1 1 1))
      (rotate (xyz 0 0 0))
    )
  )

  (module Capacitor_SMD:C_0805_2012Metric_Pad1.15x1.40mm_HandSolder (layer B.Cu) (tedit 5B36C52B) (tstamp 5DFEF099)
    (at -15.98 -11.99)
    (descr "Capacitor SMD 0805 (2012 Metric), square (rectangular) end terminal, IPC_7351 nominal with elongated pad for handsoldering. (Body size source: https://docs.google.com/spreadsheets/d/1BsfQQcO9C6DZCsRaXUlFlo91Tg2WpOkGARC1WS5S8t0/edit?usp=sharing), generated with kicad-footprint-generator")
    (tags "capacitor handsolder")
    (path /5DD5BE69)
    (attr smd)
    (fp_text reference CRST1 (at 0.205 1.715) (layer B.SilkS)
      (effects (font (size 1 1) (thickness 0.15)) (justify mirror))
    )
    (fp_text value 10u (at 1.18 3.015) (layer B.SilkS)
      (effects (font (size 1 1) (thickness 0.15)) (justify mirror))
    )
    (fp_text user %R (at 0 0) (layer B.Fab)
      (effects (font (size 0.5 0.5) (thickness 0.08)) (justify mirror))
    )
    (fp_line (start 1.85 -0.95) (end -1.85 -0.95) (layer B.CrtYd) (width 0.05))
    (fp_line (start 1.85 0.95) (end 1.85 -0.95) (layer B.CrtYd) (width 0.05))
    (fp_line (start -1.85 0.95) (end 1.85 0.95) (layer B.CrtYd) (width 0.05))
    (fp_line (start -1.85 -0.95) (end -1.85 0.95) (layer B.CrtYd) (width 0.05))
    (fp_line (start -0.261252 -0.71) (end 0.261252 -0.71) (layer B.SilkS) (width 0.12))
    (fp_line (start -0.261252 0.71) (end 0.261252 0.71) (layer B.SilkS) (width 0.12))
    (fp_line (start 1 -0.6) (end -1 -0.6) (layer B.Fab) (width 0.1))
    (fp_line (start 1 0.6) (end 1 -0.6) (layer B.Fab) (width 0.1))
    (fp_line (start -1 0.6) (end 1 0.6) (layer B.Fab) (width 0.1))
    (fp_line (start -1 -0.6) (end -1 0.6) (layer B.Fab) (width 0.1))
    (pad 2 smd roundrect (at 1.025 0) (size 1.15 1.4) (layers B.Cu B.Paste B.Mask) (roundrect_rratio 0.217391)
      (net 1 GND))
    (pad 1 smd roundrect (at -1.025 0) (size 1.15 1.4) (layers B.Cu B.Paste B.Mask) (roundrect_rratio 0.217391)
      (net 6 BOOT0))
    (model ${KISYS3DMOD}/Capacitor_SMD.3dshapes/C_0805_2012Metric.wrl
      (at (xyz 0 0 0))
      (scale (xyz 1 1 1))
      (rotate (xyz 0 0 0))
    )
  )

  (module Capacitor_SMD:C_0805_2012Metric_Pad1.15x1.40mm_HandSolder (layer F.Cu) (tedit 5B36C52B) (tstamp 5DDFC55E)
    (at 8.4 -8 180)
    (descr "Capacitor SMD 0805 (2012 Metric), square (rectangular) end terminal, IPC_7351 nominal with elongated pad for handsoldering. (Body size source: https://docs.google.com/spreadsheets/d/1BsfQQcO9C6DZCsRaXUlFlo91Tg2WpOkGARC1WS5S8t0/edit?usp=sharing), generated with kicad-footprint-generator")
    (tags "capacitor handsolder")
    (path /5DD1F876)
    (attr smd)
    (fp_text reference CUSB1 (at 4.46 1.27) (layer F.SilkS)
      (effects (font (size 1 1) (thickness 0.15)))
    )
    (fp_text value 4.7n (at 3.76 -0.28) (layer F.SilkS)
      (effects (font (size 1 1) (thickness 0.15)))
    )
    (fp_text user %R (at 0 0) (layer F.Fab)
      (effects (font (size 0.5 0.5) (thickness 0.08)))
    )
    (fp_line (start 1.85 0.95) (end -1.85 0.95) (layer F.CrtYd) (width 0.05))
    (fp_line (start 1.85 -0.95) (end 1.85 0.95) (layer F.CrtYd) (width 0.05))
    (fp_line (start -1.85 -0.95) (end 1.85 -0.95) (layer F.CrtYd) (width 0.05))
    (fp_line (start -1.85 0.95) (end -1.85 -0.95) (layer F.CrtYd) (width 0.05))
    (fp_line (start -0.261252 0.71) (end 0.261252 0.71) (layer F.SilkS) (width 0.12))
    (fp_line (start -0.261252 -0.71) (end 0.261252 -0.71) (layer F.SilkS) (width 0.12))
    (fp_line (start 1 0.6) (end -1 0.6) (layer F.Fab) (width 0.1))
    (fp_line (start 1 -0.6) (end 1 0.6) (layer F.Fab) (width 0.1))
    (fp_line (start -1 -0.6) (end 1 -0.6) (layer F.Fab) (width 0.1))
    (fp_line (start -1 0.6) (end -1 -0.6) (layer F.Fab) (width 0.1))
    (pad 2 smd roundrect (at 1.025 0 180) (size 1.15 1.4) (layers F.Cu F.Paste F.Mask) (roundrect_rratio 0.217391)
      (net 1 GND))
    (pad 1 smd roundrect (at -1.025 0 180) (size 1.15 1.4) (layers F.Cu F.Paste F.Mask) (roundrect_rratio 0.217391)
      (net 7 VBUS))
    (model ${KISYS3DMOD}/Capacitor_SMD.3dshapes/C_0805_2012Metric.wrl
      (at (xyz 0 0 0))
      (scale (xyz 1 1 1))
      (rotate (xyz 0 0 0))
    )
  )

  (module acheronComponents:D_SOD-123 (layer F.Cu) (tedit 5D50A091) (tstamp 5DDFC57F)
    (at 31.16 -2.25)
    (descr SOD-123)
    (tags SOD-123)
    (path /5DD23731)
    (attr smd)
    (fp_text reference D1 (at 3.14 0.675 180) (layer F.SilkS)
      (effects (font (size 0.8 0.8) (thickness 0.2)))
    )
    (fp_text value RBD60M-60TR (at 4.415 1.575) (layer F.SilkS)
      (effects (font (size 0.5 0.5) (thickness 0.125)))
    )
    (fp_text user A (at 2 0) (layer F.Fab)
      (effects (font (size 1 1) (thickness 0.15)))
    )
    (fp_text user K (at -2 0) (layer F.Fab)
      (effects (font (size 1 1) (thickness 0.15)))
    )
    (fp_poly (pts (xy -0.4 0) (xy 0.4 -0.6) (xy 0.4 0.6)) (layer F.SilkS) (width 0.1))
    (fp_line (start -1.400038 0.9) (end -1.9 0.9) (layer F.SilkS) (width 0.2))
    (fp_arc (start -1.4 0.4) (end -1.4 0.9) (angle -90) (layer F.SilkS) (width 0.2))
    (fp_arc (start -1.9 0.4) (end -2.4 0.4) (angle -90) (layer F.SilkS) (width 0.2))
    (fp_line (start -2.4 -0.4) (end -2.4 0.4) (layer F.SilkS) (width 0.2))
    (fp_arc (start -1.9 -0.4) (end -1.9 -0.9) (angle -90) (layer F.SilkS) (width 0.2))
    (fp_line (start -1.899962 -0.9) (end -1.4 -0.9) (layer F.SilkS) (width 0.2))
    (fp_line (start -0.9 -0.4) (end -0.9 0.4) (layer F.SilkS) (width 0.2))
    (fp_arc (start -1.4 -0.4) (end -0.9 -0.4) (angle -90) (layer F.SilkS) (width 0.2))
    (fp_line (start -2.35 -1.15) (end -2.35 1.15) (layer F.CrtYd) (width 0.05))
    (fp_line (start 2.35 1.15) (end -2.35 1.15) (layer F.CrtYd) (width 0.05))
    (fp_line (start 2.35 -1.15) (end 2.35 1.15) (layer F.CrtYd) (width 0.05))
    (fp_line (start -2.35 -1.15) (end 2.35 -1.15) (layer F.CrtYd) (width 0.05))
    (fp_line (start -1.4 -0.9) (end 1.4 -0.9) (layer F.Fab) (width 0.1))
    (fp_line (start 1.4 -0.9) (end 1.4 0.9) (layer F.Fab) (width 0.1))
    (fp_line (start 1.4 0.9) (end -1.4 0.9) (layer F.Fab) (width 0.1))
    (fp_line (start -1.4 0.9) (end -1.4 -0.9) (layer F.Fab) (width 0.1))
    (fp_line (start -0.75 0) (end -0.35 0) (layer F.Fab) (width 0.1))
    (fp_line (start -0.35 0) (end -0.35 -0.55) (layer F.Fab) (width 0.1))
    (fp_line (start -0.35 0) (end -0.35 0.55) (layer F.Fab) (width 0.1))
    (fp_line (start -0.35 0) (end 0.25 -0.4) (layer F.Fab) (width 0.1))
    (fp_line (start 0.25 -0.4) (end 0.25 0.4) (layer F.Fab) (width 0.1))
    (fp_line (start 0.25 0.4) (end -0.35 0) (layer F.Fab) (width 0.1))
    (fp_line (start 0.25 0) (end 0.75 0) (layer F.Fab) (width 0.1))
    (fp_text user %R (at 0 -1.397) (layer F.Fab)
      (effects (font (size 0.5 0.5) (thickness 0.125)))
    )
    (pad 2 smd roundrect (at 1.65 0) (size 1 1.2) (layers F.Cu F.Paste F.Mask) (roundrect_rratio 0.25)
      (net 1 GND))
    (pad 1 smd roundrect (at -1.65 0) (size 1 1.2) (layers F.Cu F.Paste F.Mask) (roundrect_rratio 0.25)
      (net 2 +5V))
    (model ${KISYS3DMOD}/Diode_SMD.3dshapes/D_SOD-123.wrl
      (at (xyz 0 0 0))
      (scale (xyz 1 1 1))
      (rotate (xyz 0 0 0))
    )
  )

  (module Diode_THT:D_DO-41_SOD81_P10.16mm_Horizontal (layer B.Cu) (tedit 5AE50CD5) (tstamp 5DE1286E)
    (at 24.49 -1.34 180)
    (descr "Diode, DO-41_SOD81 series, Axial, Horizontal, pin pitch=10.16mm, , length*diameter=5.2*2.7mm^2, , http://www.diodes.com/_files/packages/DO-41%20(Plastic).pdf")
    (tags "Diode DO-41_SOD81 series Axial Horizontal pin pitch 10.16mm  length 5.2mm diameter 2.7mm")
    (path /5DD217A3)
    (fp_text reference D2 (at 5.08 2.47) (layer B.SilkS)
      (effects (font (size 1 1) (thickness 0.15)) (justify mirror))
    )
    (fp_text value 1N4007 (at 5.08 -2.47) (layer B.Fab)
      (effects (font (size 1 1) (thickness 0.15)) (justify mirror))
    )
    (fp_text user K (at 0 2.1) (layer B.SilkS)
      (effects (font (size 1 1) (thickness 0.15)) (justify mirror))
    )
    (fp_text user K (at 0 2.1) (layer B.Fab)
      (effects (font (size 1 1) (thickness 0.15)) (justify mirror))
    )
    (fp_text user %R (at 5.47 0) (layer B.Fab)
      (effects (font (size 1 1) (thickness 0.15)) (justify mirror))
    )
    (fp_line (start 11.51 1.6) (end -1.35 1.6) (layer B.CrtYd) (width 0.05))
    (fp_line (start 11.51 -1.6) (end 11.51 1.6) (layer B.CrtYd) (width 0.05))
    (fp_line (start -1.35 -1.6) (end 11.51 -1.6) (layer B.CrtYd) (width 0.05))
    (fp_line (start -1.35 1.6) (end -1.35 -1.6) (layer B.CrtYd) (width 0.05))
    (fp_line (start 3.14 1.47) (end 3.14 -1.47) (layer B.SilkS) (width 0.12))
    (fp_line (start 3.38 1.47) (end 3.38 -1.47) (layer B.SilkS) (width 0.12))
    (fp_line (start 3.26 1.47) (end 3.26 -1.47) (layer B.SilkS) (width 0.12))
    (fp_line (start 8.82 0) (end 7.8 0) (layer B.SilkS) (width 0.12))
    (fp_line (start 1.34 0) (end 2.36 0) (layer B.SilkS) (width 0.12))
    (fp_line (start 7.8 1.47) (end 2.36 1.47) (layer B.SilkS) (width 0.12))
    (fp_line (start 7.8 -1.47) (end 7.8 1.47) (layer B.SilkS) (width 0.12))
    (fp_line (start 2.36 -1.47) (end 7.8 -1.47) (layer B.SilkS) (width 0.12))
    (fp_line (start 2.36 1.47) (end 2.36 -1.47) (layer B.SilkS) (width 0.12))
    (fp_line (start 3.16 1.35) (end 3.16 -1.35) (layer B.Fab) (width 0.1))
    (fp_line (start 3.36 1.35) (end 3.36 -1.35) (layer B.Fab) (width 0.1))
    (fp_line (start 3.26 1.35) (end 3.26 -1.35) (layer B.Fab) (width 0.1))
    (fp_line (start 10.16 0) (end 7.68 0) (layer B.Fab) (width 0.1))
    (fp_line (start 0 0) (end 2.48 0) (layer B.Fab) (width 0.1))
    (fp_line (start 7.68 1.35) (end 2.48 1.35) (layer B.Fab) (width 0.1))
    (fp_line (start 7.68 -1.35) (end 7.68 1.35) (layer B.Fab) (width 0.1))
    (fp_line (start 2.48 -1.35) (end 7.68 -1.35) (layer B.Fab) (width 0.1))
    (fp_line (start 2.48 1.35) (end 2.48 -1.35) (layer B.Fab) (width 0.1))
    (pad 2 thru_hole oval (at 10.16 0 180) (size 2.2 2.2) (drill 1.1) (layers *.Cu *.Mask)
      (net 4 RST_SW2))
    (pad 1 thru_hole rect (at 0 0 180) (size 2.2 2.2) (drill 1.1) (layers *.Cu *.Mask)
      (net 2 +5V))
    (model ${KISYS3DMOD}/Diode_THT.3dshapes/D_DO-41_SOD81_P10.16mm_Horizontal.wrl
      (at (xyz 0 0 0))
      (scale (xyz 1 1 1))
      (rotate (xyz 0 0 0))
    )
  )

  (module Diode_THT:D_DO-35_SOD27_P7.62mm_Horizontal (layer B.Cu) (tedit 5AE50CD5) (tstamp 5DDFC5BD)
    (at -17.04 -15.73 180)
    (descr "Diode, DO-35_SOD27 series, Axial, Horizontal, pin pitch=7.62mm, , length*diameter=4*2mm^2, , http://www.diodes.com/_files/packages/DO-35.pdf")
    (tags "Diode DO-35_SOD27 series Axial Horizontal pin pitch 7.62mm  length 4mm diameter 2mm")
    (path /5DD42B45)
    (fp_text reference D3 (at 2.12 -1.95) (layer B.SilkS)
      (effects (font (size 1 1) (thickness 0.15)) (justify mirror))
    )
    (fp_text value 1N4148 (at 3.96 -3.35) (layer B.SilkS)
      (effects (font (size 1 1) (thickness 0.15)) (justify mirror))
    )
    (fp_text user K (at 0 1.8) (layer B.SilkS)
      (effects (font (size 1 1) (thickness 0.15)) (justify mirror))
    )
    (fp_text user K (at 0 1.8) (layer B.Fab)
      (effects (font (size 1 1) (thickness 0.15)) (justify mirror))
    )
    (fp_text user %R (at 4.11 0) (layer B.Fab)
      (effects (font (size 0.8 0.8) (thickness 0.12)) (justify mirror))
    )
    (fp_line (start 8.67 1.25) (end -1.05 1.25) (layer B.CrtYd) (width 0.05))
    (fp_line (start 8.67 -1.25) (end 8.67 1.25) (layer B.CrtYd) (width 0.05))
    (fp_line (start -1.05 -1.25) (end 8.67 -1.25) (layer B.CrtYd) (width 0.05))
    (fp_line (start -1.05 1.25) (end -1.05 -1.25) (layer B.CrtYd) (width 0.05))
    (fp_line (start 2.29 1.12) (end 2.29 -1.12) (layer B.SilkS) (width 0.12))
    (fp_line (start 2.53 1.12) (end 2.53 -1.12) (layer B.SilkS) (width 0.12))
    (fp_line (start 2.41 1.12) (end 2.41 -1.12) (layer B.SilkS) (width 0.12))
    (fp_line (start 6.58 0) (end 5.93 0) (layer B.SilkS) (width 0.12))
    (fp_line (start 1.04 0) (end 1.69 0) (layer B.SilkS) (width 0.12))
    (fp_line (start 5.93 1.12) (end 1.69 1.12) (layer B.SilkS) (width 0.12))
    (fp_line (start 5.93 -1.12) (end 5.93 1.12) (layer B.SilkS) (width 0.12))
    (fp_line (start 1.69 -1.12) (end 5.93 -1.12) (layer B.SilkS) (width 0.12))
    (fp_line (start 1.69 1.12) (end 1.69 -1.12) (layer B.SilkS) (width 0.12))
    (fp_line (start 2.31 1) (end 2.31 -1) (layer B.Fab) (width 0.1))
    (fp_line (start 2.51 1) (end 2.51 -1) (layer B.Fab) (width 0.1))
    (fp_line (start 2.41 1) (end 2.41 -1) (layer B.Fab) (width 0.1))
    (fp_line (start 7.62 0) (end 5.81 0) (layer B.Fab) (width 0.1))
    (fp_line (start 0 0) (end 1.81 0) (layer B.Fab) (width 0.1))
    (fp_line (start 5.81 1) (end 1.81 1) (layer B.Fab) (width 0.1))
    (fp_line (start 5.81 -1) (end 5.81 1) (layer B.Fab) (width 0.1))
    (fp_line (start 1.81 -1) (end 5.81 -1) (layer B.Fab) (width 0.1))
    (fp_line (start 1.81 1) (end 1.81 -1) (layer B.Fab) (width 0.1))
    (pad 2 thru_hole oval (at 7.62 0 180) (size 1.6 1.6) (drill 0.8) (layers *.Cu *.Mask)
      (net 8 RST_SW1))
    (pad 1 thru_hole rect (at 0 0 180) (size 1.6 1.6) (drill 0.8) (layers *.Cu *.Mask)
      (net 6 BOOT0))
    (model ${KISYS3DMOD}/Diode_THT.3dshapes/D_DO-35_SOD27_P7.62mm_Horizontal.wrl
      (at (xyz 0 0 0))
      (scale (xyz 1 1 1))
      (rotate (xyz 0 0 0))
    )
  )

  (module Fuse:Fuse_1812_4532Metric_Pad1.30x3.40mm_HandSolder (layer F.Cu) (tedit 5B301BBE) (tstamp 5DDFC5CE)
    (at 31.6 -6.8 90)
    (descr "Fuse SMD 1812 (4532 Metric), square (rectangular) end terminal, IPC_7351 nominal with elongated pad for handsoldering. (Body size source: https://www.nikhef.nl/pub/departments/mt/projects/detectorR_D/dtddice/ERJ2G.pdf), generated with kicad-footprint-generator")
    (tags "resistor handsolder")
